0,564
0,563
0,543
0,243
0,270
197,49
197,48
197,47
197,46
197,45
197,44
197,43
197,42
197,41
197,40
197,39
197,38
197,37
197,36
197,35
3,2
3,1
3,3
10,243
190,5
190,4
190,3
190,2
10,83
190,1
190,0
187,6
187,5
187,4
187,3
187,2
187,1
187,0
183,5
183,4
183,3
183,2
183,1
183,0
181,48
181,47
181,46
181,45
181,44
10,193
10,247
10,129
10,19
181,43
181,42
181,41
181,40
181,39
181,38
181,37
181,36
181,35
181,34
181,33
181,32
181,31
10,103
181,30
181,29
181,28
181,27
181,26
181,25
181,24
181,23
181,22
181,21
181,20
181,19
181,18
181,17
181,16
181,15
181,14
181,13
181,12
181,11
11,29
181,10
181,9
181,8
181,7
11,15
181,6
181,5
11,25
9,7
9,1
9,5
9,2
181,4
181,3
181,2
9,3
181,1
181,0
179,3
179,1
8,18
8,9
8,10
178,4
8,6
8,2
178,3
8,3
178,1
176,3
176,1
175,3
175,1
174,3
174,1
172,4
172,3
20,2
